4
1 0 0 0
0 1 0 0
0 0 1 0
0 0 0 1
rnd 3
1
Proj 5
plane 0 0 15
dir 1 1 1

1
-28
8
28
1
rnd 3
3
Trans -80 -72 -76
Scale 1.5 1.5 0.5
Trans 80 72 76

4
1 0 0 0
0 1 0 0
0 0 1 0
0 0 0 1
rnd 3
1
Proj 5
plane 0 0 15
dir 1 1 1


4
1 0 0 0
0 1 0 0
0 0 1 0
0 0 0 1
rnd 9
3
Trans -13 -19 -14
RaA 15 31 18 22
Trans 13 19 14

RaA 15 31 18 22
RaA2 15 31 18 22
#checking mid sem question
# Always remember +15 as ackw rot and - as ckw rotation

4
1 0 0 0
0 1 0 0
0 0 1 0
0 0 0 1
1
Npar -26 29 -28 27
14 -8
vrp 10 16 44
vpn 1 1 1
vup 1 0 0
prp -4 -2 2

2
14 -8
16 -6
30 50
1 1
1
Npar -28 22 -26 24
4 -16
vrp 18 14 46
vpn 1 1 1
vup 1 0 0
prp -4 -8 8


4
1 0 0 0
0 1 0 0
0 0 1 0
0 0 0 1
1
Npar -28 22 -26 24
4 -16
vrp 18 14 46
vpn 1 1 1
vup 1 0 0
prp -4 -8 8


4
1 0 0 0
0 1 0 0
0 0 1 0
0 0 0 1
1
Npar -20 40 -20 40
10 -10
vrp 8 8 42
vpn 1 1 1
vup 0 1 0
prp 0 0 10


2
-10 5
-5 10
35 45
1 1
1
Npar


4
1 0 0 0
0 1 0 0
0 0 1 0
0 0 0 1
4
Trans -55 -75 0
Refl 1 0 1
Scale 0.26 0.26 1
Trans 15 25 0 


4
1 0 0 0
0 1 0 0
0 0 1 0
0 0 0 1
3
Trans -13 -19 -14
RaA -15 31 18 22
Trans 13 19 14


4
28 54 74 40
30 71 54 60
36 61 49 74
1 1 1 1
3
Trans -13 -19 -14
RaA -15 31 18 22
Trans 13 19 14


P1 (28, 30, 36), P2 (54, 71, 61), P3 (74, 54, 49), P4 (40, 60, 74)


4
1 0 0 0
0 1 0 0
0 0 1 0
0 0 0 1
4
Trans -4 -7 -10
Rx 11.287
Ry 40.282
Trans 4 7 10

4
2 0 0 0
0 2 0 0
0 0 2 0
1 1 1 1
5
Ry -45
Rx 35.26
Rz 30
Rx -35.26
Ry 45


// Success Q7.6 
4
1 0 0 0
0 1 0 0
0 0 1 0
0 0 0 1
4
Trans -4 -7 -10
Rx 11.287
Ry 40.282
Trans 4 7 10

// Q7.5
8
0 2 2 0 0 2 2 0
0 0 2 2 0 0 2 0
0 0 0 0 2 2 2 2
1 1 1 1 1 1 1 1
3
Trans -2 0 0
RaA -45 -2 2 2
RaA2 -45 -0.577 0.577 0.577
Trans 2 0 0

// Success 5.6 C
4
-1 0 1 0
0 2 0 -2
0 0 0 0
1 1 1 1
3
Trans 0 -2 0
ReflAP2 0.707 -0.707 0
Trans 0 2 0

// Success Q7.8
4
2 0 0 0
0 2 0 0
0 0 2 0
1 1 1 1
1
RaA 30 1 1 1
// Rotate ackw 30 in z axis

4
2 0 0 0
0 2 0 0
0 0 2 0
1 1 1 1
5
Rx 45
Ry -36
Rz 30
Ry 36
Rx -45



// Q 5.6 C .........................
4
-1 0 1 0
0 2 0 2
0 0 0 0
1 1 1 1
3
Trans -2 0 0
ReflAP1 0.707 -0.707 0
Trans 2 0 0

// Success Q 7.9 ........................
4
1 0 0 0
0 1 0 0
0 0 1 0
0 0 0 1
3
Trans 0 0.5 0
ReflAP1 0.239 0.796 -0.557
Trans 0 -0.5 0


4
2 0 0 0
0 2 0 0
0 0 2 0
1 1 1 1
1
RaA -30 0 0 0 1 1 1

4
-1 0 1 0
0 2 0 2
0 0 0 0
1 1 1 1
1
ReflAP 0 0 1 0 2

4
1 0 0 0
0 1 0 0
0 0 1 0
0 0 0 1
1
ReflAP 0 3 10 -7 5


4
2 0 0 0
0 2 0 0
0 0 2 0
1 1 1 1
5
Rx 0 45
Ry 0 -45
Rz 0 30
Ry 0 45
Rx 0 -45

3
5 20 10
50 40 70
0 0 0
1 1 1
3
Trans 0 0 -10 0
Refl 0 1 0 1
Trans 0 0 10 0

// 5.8
4
1 3 4 2
1 1 2 3
0 0 0 0
1 1 1 1
3
Refl 0 0 1 1
Trans 0 -1 -1 0
Rz 0 180

// By def ack
// 5.6
4
-1 0 1 0
0 2 0 2
0 0 0 0
1 1 1 1
1
ReflAP 0 1 -1 0 2

Trans 0 -2 0 0
Rz 0 -90
Refl 0 1 0 1
Rz 0 90
Trans 0 2 0 0

3
0 1 5
0 1 2
0 0 0
1 1 1
3
Trans 0 -5 -2 0
Scale 0 2 2 1
Trans 0 5 2 0

A (0, 3, 1), B(3, 3, 2), C(3, 0, 0), D(0, 0, 0)